version https://git-lfs.github.com/spec/v1
oid sha256:36b5b4fd1c008930137185da595b9f2ba3903de67b436be1773b0729a8ea29c8
size 9553
